7 16
8 17
9 19
10 20
11 33
12 26
13 28
14 36
15 34
16 39
17 44
18 60
19 52
20 93
21 5611
22 86
23 66
24 107
25 123
26 120
27 131
28 144
29 100
30 106
31 166
32 177
33 132
34 277
35 214
36 227
37 236
38 248
39 249
40 267
41 274
42 287
43 292
44 210
45 224
46 224
47 282
48 285
49 247
50 279
51 270
52 276
53 294
54 301
55 317
56 337
57 211
58 205
59 214
60 208
61 217
62 225
63 235
64 238
65 303
66 384
67 432
68 276
69 403
70 561
71 328
72 83
73 62
74 103
75 63
76 69
77 105
78 67
79 68
80 64
81 70
82 74
83 67
84 90
85 69
86 252
87 81
88 33
89 32
90 37
91 35
92 34
93 37
94 32
95 35
96 35
97 35
98 36
99 36
100 41
101 38
102 40
103 37
104 43
105 42
106 41
107 43
108 41
109 43
110 55
111 37
112 39
113 46
114 52
115 42
116 38
117 44
118 78
119 70
120 74
121 79
122 43
123 41
124 52
125 56
126 42
127 49
128 45
129 49
130 57
131 51
132 44
133 72
134 53
135 43
136 43
137 45
138 43
139 43
140 42
141 47
142 56
143 48
144 45
145 48
146 45
147 47
148 52
149 48
150 51
151 60
152 50
153 58
154 52
155 55
156 56
157 54
158 53
159 57
160 72
161 57
162 56
163 58
164 61
165 57
166 57
167 63
168 60
169 66
170 71
171 110
172 61
173 61
174 68
175 88
176 72
177 64
178 66
179 67
180 65
181 88
182 67
183 69
184 67
185 71
186 73
187 69
188 70
189 95
190 80
191 74
192 75
193 73
194 75
195 79
196 74
197 78
198 86
199 74
200 78
201 78
202 78
203 156
204 84
205 83
206 81
207 82
208 90
209 97
210 87
211 99
212 110
213 96
214 90
215 89
216 92
217 175
218 107
219 92
220 102
221 101
222 305
223 102
224 105
225 125
226 118
227 96
228 104
229 117
230 103
231 98
232 105
233 116
234 114
235 103
236 106
237 114
238 134
239 201
240 112
241 117
242 121
243 108
244 294
245 120
246 139
247 115
248 123
249 140
250 132
251 111
252 138
253 125
254 131
255 147
256 134
257 129
258 138
259 118
260 144
261 173
262 140
263 123
264 145
265 141
266 161
267 154
268 170
269 153
270 176
271 164
272 335
273 167
274 182
275 187
276 177
277 277
278 205
279 137
280 186
281 175
282 191
283 156
284 190
285 202
286 186
287 178
288 207
289 216
290 200
291 167
292 220
293 197
294 210
295 158
296 236
297 213
298 222
299 176
